ADDENDA 660011111οΜ1 511

371. 116. 97. (Corax 66611616 1166.) 61166 866616.

’1.116. 611. (carex 01661661ιί66 11161.) 61166 77761161.
166699711661. 8666. 9. 588.

’9. 116. 5. (Cam chordorrhiza 11161.) 61166 16666616. ,

’5. 116. 10. (carex 1666666 Ligus.) 61166 77761161. 1666.

996. Ejus& 8666. 9. 688.

’6. 116. 16. (carex incurva Ling.) 6661 (7. 1666116116 All.

1116116619996. 1. 99. f. 1. (6661. eyn.) 61166 7776116661.
6. .

’6. 116. 90. (06666 66666616 1166.) 61166 77761161. Suc.

’6. 116. 38. (carex intermedia 11661.) 61166 7776116661. 8666.
9. 590. 13661. 066661. 991.

’8. 116. 17. (Cam 616666166166 Em.) 61166 77761161.
8666. 9. 599.

’8. 116. 99. (Cam 6116666166166 11161.) 61166 16666616.

13. 116. 11. (Cam vulpina 1166.) 61166 77761161. sm. 9.
59011661. (1666. 991.

’1.116. 37. (Cam 66616616 Lim.) 61166 77761161. 8666.
9. 589. (616161) 86616666. 993. ·

6. 116. 96. (carex divulsa Good.) 6661 77761161. §a Aa.
1101...1803.113. 61166 777611661. 8666. 9. 589.

7. 116. 91. (06666 6161110666 11661161.) 6661 C. micro·
{rwffiaawffl'ffi 3101. 11616. 1803111. 61166 (fide

66. . .

9. 116. 31. (06118 6661661616 1166.) 61166 7776116161. Suco.
9. 588. Ejmd. 0666. 991. (in 6166666 6661. β.)

0. 116. 91. (06666 166611666616 0661.) 6661 C. 6661661616
(7161611666616 7776116661. 16 Aa. 176166. 1803113. 61166
7776711661. 1666. 998. Ejusd. 8666. 9. 589.

3. 116. 13. (06666 16666166 1166.) pont G. lagopina 77761-
1661. 16 Aci. 116166. 1803. 115. 61166 7776116661. 1666.
999. 16661. 86669591.

3. 116. 16. (06666 leporina 1166.) 61166 116116. (Tenon.)

3. 116. 30. ((16661Η6166666166 Lina.) 61166 77761161. 1666.
930. 111661. 8666. 9. 593.

3. lin. 31. (Cam 116166666166 Lina.) 61166 16666616.

1. 116. 666611. (carex 66666ςί66 8611.) 61166 7776611661.
Lapp- 933. 1. 15. fig. 3. Ejmd. 8666. 9. 593.

1. 116. 9. (Carex 66666166 8611.) 16666 11661166116 Nom·
51oe,10302 16666616, 866616.

1. 116. 15. (Carex glareosa 8611.) 61166 7776116661. 1666.
930. 111661. 8666. 9. 593.

1. 116. 18. (Carex glareosa 8611.) 61166 C. 16166666166
11611161. 7761616116611. 1793. 73. ’

1. 116. 97. (Cam glareosa 8611.) 6661 (06666. 6661.) 61166
0. 666116666166, 661 minor 616661661166, vix 6616116.

(6666.)

 

